51 
60 20 
72 53 67 
01 75 96 71 
23 29 09 90 95 
60 32 09 41 71 20 
37 40 59 27 02 29 35 
43 82 92 23 36 23 94 39 
89 69 78 84 53 86 90 47 40 
95 10 01 40 03 63 31 09 13 75 
71 24 49 83 18 47 81 93 61 87 53 
54 02 47 52 13 37 05 32 69 07 13 68 
46 36 65 91 21 24 95 18 58 08 04 60 74 
69 30 26 31 09 58 92 30 19 49 95 52 93 92 
27 20 42 98 35 63 64 91 18 89 07 73 31 78 52 
71 34 38 29 49 04 57 75 34 25 18 06 02 97 82 63 
57 40 52 56 62 54 73 58 94 42 27 18 47 42 69 41 96 
41 81 62 09 93 74 15 56 40 35 72 31 49 26 30 57 49 01 
75 93 29 10 30 93 26 53 41 75 46 83 34 01 35 85 12 58 29 
61 68 96 15 40 68 74 87 61 92 93 04 26 21 51 05 60 63 52 65 
62 84 31 34 28 10 53 09 53 16 06 14 06 52 84 85 65 05 09 29 07 
86 89 93 61 63 63 19 28 74 40 24 79 86 08 80 79 15 84 08 91 49 46 
28 39 67 67 16 45 27 64 08 35 47 18 31 38 23 93 35 73 54 24 02 95 19 
86 21 25 13 58 79 82 08 97 34 20 50 76 38 40 04 07 41 40 42 82 03 69 87 
52 18 56 02 67 12 94 21 90 41 23 74 60 40 76 53 85 67 40 84 62 13 70 95 41 
27 75 50 97 56 84 45 25 81 16 71 13 20 14 31 06 28 67 19 50 07 71 24 70 97 12 
12 92 34 56 91 54 83 64 21 78 46 90 29 74 31 93 39 12 87 61 37 49 24 46 93 47 18 
45 83 79 90 76 90 31 59 42 45 39 29 32 02 61 07 74 64 91 57 83 30 78 42 53 72 40 36 
60 64 91 96 46 73 75 80 65 51 36 96 89 03 96 90 02 19 76 10 86 94 12 42 45 46 92 97 56 
25 08 85 49 87 47 26 25 06 10 25 59 81 02 89 10 86 76 92 57 23 27 04 69 24 50 26 10 41 63 
84 19 26 47 27 74 79 17 52 91 52 98 92 78 04 78 53 01 70 38 42 64 14 61 93 53 07 35 67 34 01 
90 46 12 08 31 62 12 67 89 81 37 53 91 76 40 84 17 10 60 18 23 35 85 14 76 24 94 20 76 05 09 90 
71 68 90 84 08 72 23 60 36 74 71 34 38 98 27 80 56 10 72 70 24 71 38 65 46 81 23 40 90 89 29 62 10 
38 37 38 90 23 97 86 52 14 45 24 34 26 74 76 25 20 27 36 71 98 31 61 57 05 69 54 75 94 15 20 94 10 43 
53 85 04 35 21 57 32 50 39 83 18 49 91 32 95 68 68 18 05 80 24 58 87 87 20 79 91 01 65 96 18 54 05 76 81 
34 19 04 46 41 16 28 25 74 98 10 76 17 36 03 31 17 24 35 97 54 65 34 84 51 84 68 74 06 24 65 05 75 50 23 34 
29 92 57 21 67 59 94 17 96 27 34 91 41 70 28 50 65 13 21 20 25 48 01 30 43 41 90 49 90 67 08 14 90 14 75 78 24 
02 52 12 45 02 98 86 08 93 83 41 51 59 57 85 83 62 98 34 49 32 14 34 05 91 29 13 84 68 78 21 13 50 37 56 04 73 53 
32 42 42 81 94 61 98 01 36 84 10 30 36 39 06 39 15 12 65 14 86 36 13 74 35 78 78 48 01 67 83 90 84 01 95 96 08 69 96 
75 41 18 60 26 07 76 49 67 24 35 97 30 15 16 57 47 15 02 45 91 27 16 17 50 08 45 08 17 18 51 35 75 10 18 59 78 12 90 83 
25 09 47 92 78 78 19 85 57 04 82 16 82 27 39 39 70 73 38 58 29 85 52 29 12 90 24 98 79 42 81 80 79 14 23 08 05 71 80 67 93 
86 74 05 50 14 26 37 50 76 27 25 62 98 29 48 37 53 04 58 63 29 15 28 56 09 48 85 61 08 97 25 04 29 54 57 62 42 68 43 18 50 83 
01 63 36 02 79 84 30 50 80 37 36 86 68 14 26 25 74 04 60 78 97 09 50 32 49 16 94 51 71 49 15 50 03 52 89 06 39 78 59 79 95 14 43 
58 68 98 32 76 07 05 63 40 89 57 95 36 63 65 97 31 19 15 49 27 74 64 42 86 40 91 70 03 36 19 29 52 86 73 53 68 36 48 69 75 28 06 93 
60 49 94 62 27 01 72 32 72 94 68 59 96 31 41 18 48 98 60 13 85 54 93 41 23 13 65 42 71 89 72 52 37 03 47 56 49 87 97 02 60 68 15 59 73 
83 80 51 71 78 83 37 94 93 40 63 71 95 17 57 90 79 26 52 56 84 15 63 45 75 52 42 30 29 89 28 13 76 31 82 79 94 90 39 17 09 98 73 82 04 49 
09 72 89 60 89 90 35 84 17 95 89 69 21 01 54 41 02 47 36 26 73 59 51 56 15 61 10 30 73 96 39 26 30 95 94 79 67 02 98 28 17 73 32 21 76 98 56 
12 15 87 26 58 37 30 67 47 83 91 64 84 54 79 15 91 17 71 59 83 94 98 35 23 13 35 98 07 80 32 72 21 05 17 82 93 03 56 38 94 13 09 96 92 10 09 08 
56 72 45 72 90 86 86 36 97 35 41 46 32 85 14 24 75 38 47 50 09 73 31 52 73 69 28 97 29 72 92 70 96 23 96 59 49 24 14 02 90 13 27 20 89 90 73 06 97 
58 37 81 38 86 08 67 04 93 67 10 96 18 26 70 28 51 47 97 79 37 26 60 94 30 45 20 08 45 04 09 34 94 64 79 14 04 14 34 97 21 96 37 59 23 31 51 31 06 78 
42 93 57 08 64 31 25 58 38 36 05 21 65 26 67 39 79 07 24 29 62 09 51 63 03 81 84 41 24 10 73 74 78 12 52 18 08 35 26 79 96 61 69 71 50 80 13 43 68 65 47 
39 27 07 42 74 59 78 14 80 16 54 97 48 91 81 63 47 83 67 14 03 45 43 19 38 48 78 42 52 73 26 73 67 15 10 93 53 12 97 91 08 78 69 08 70 58 60 87 53 71 81 05 
79 17 78 86 28 82 47 97 09 62 32 28 21 08 21 01 75 95 86 41 51 64 67 65 87 41 59 15 01 64 20 08 53 43 62 07 29 05 53 78 39 64 51 90 96 43 65 25 69 38 49 63 58 
73 14 26 36 91 20 27 58 35 83 09 30 46 43 07 89 28 29 05 78 69 91 25 14 03 80 18 26 65 10 01 85 37 56 82 05 72 98 98 73 24 46 65 14 86 75 40 95 50 09 17 24 64 65 
61 98 87 91 01 54 09 42 71 25 73 85 73 29 73 61 13 21 50 32 69 67 83 94 12 62 16 09 01 39 60 45 09 91 13 14 25 90 09 87 86 98 35 52 59 96 69 60 24 59 04 53 97 74 46 
81 87 18 21 74 40 91 79 36 52 15 23 29 42 69 12 28 83 42 38 48 23 81 26 07 10 34 69 03 78 32 57 18 97 14 41 28 75 78 64 92 36 45 58 31 84 12 42 83 76 71 50 98 53 24 81 
62 87 24 98 16 97 19 58 26 18 83 92 78 03 35 12 89 15 39 43 05 51 49 98 03 38 39 25 01 25 38 70 65 01 79 39 78 97 06 50 19 46 18 45 75 07 97 04 76 48 90 57 79 29 34 85 36 
68 94 01 53 40 92 90 08 43 47 89 60 05 07 17 74 69 43 16 26 85 82 50 82 02 28 41 46 90 12 96 60 21 36 49 01 46 57 39 76 01 14 64 80 91 95 86 10 54 03 26 01 35 28 79 06 21 49 
13 97 54 02 93 53 49 25 87 39 17 16 51 57 68 74 24 34 61 90 68 23 74 82 56 32 60 28 96 07 07 32 98 50 26 30 12 41 49 98 71 78 31 46 23 40 75 06 78 36 81 57 50 10 27 58 93 72 72 
87 85 21 80 54 86 53 68 29 79 61 12 37 06 62 48 74 79 84 37 34 24 47 24 20 16 70 27 65 76 96 02 85 80 27 08 09 52 56 73 34 52 71 76 27 25 51 59 81 28 26 59 39 26 24 65 28 09 59 14 
48 43 18 04 98 74 35 43 82 46 40 52 67 52 83 28 30 20 32 21 54 57 34 96 36 10 78 42 89 83 40 95 20 68 39 06 92 73 04 14 26 36 97 32 69 01 97 82 84 43 19 53 85 75 24 64 53 69 82 41 09 
10 74 80 87 21 31 43 78 30 91 38 73 56 54 92 84 85 54 89 56 81 31 73 56 26 38 18 31 24 01 68 19 59 93 04 95 90 91 18 01 78 29 94 02 50 54 80 57 24 60 74 31 15 78 78 59 02 37 26 84 18 71 
90 14 32 84 67 81 17 16 79 61 12 39 84 13 87 15 39 15 09 28 06 59 51 57 28 61 87 58 93 81 93 04 89 58 68 72 16 74 65 57 05 21 10 48 28 36 57 68 39 63 58 95 29 79 40 04 40 60 91 15 01 28 48 
62 59 30 62 79 95 91 91 17 47 53 86 12 26 61 17 74 82 42 32 92 37 82 72 35 01 30 38 69 86 09 98 30 76 40 91 72 76 87 17 37 39 13 26 47 06 49 42 75 08 91 74 96 84 27 52 92 94 18 69 80 24 15 47 
09 07 90 16 81 17 81 59 46 37 63 50 12 65 59 96 43 27 51 87 98 10 86 39 92 46 91 83 48 14 76 87 73 89 03 06 79 40 26 43 34 30 42 28 94 65 20 74 49 16 05 12 39 64 42 35 92 71 28 04 41 06 23 08 53 
62 87 42 90 81 45 89 14 80 93 79 63 67 26 62 18 20 42 67 09 40 28 53 84 17 58 59 89 73 45 62 25 29 84 47 89 53 56 15 47 54 65 43 37 19 29 97 79 61 79 63 20 27 24 32 50 26 49 91 95 08 64 08 90 89 38 
92 26 50 61 18 81 15 24 01 50 05 72 04 05 93 03 08 54 47 51 93 65 75 42 74 21 20 80 95 71 92 50 94 42 61 20 98 19 05 82 38 89 82 70 05 25 02 13 83 67 05 24 76 38 51 57 61 47 59 19 40 46 08 12 98 82 72 
84 41 96 16 69 20 70 23 14 74 79 58 29 05 52 26 95 61 64 68 58 31 78 60 80 91 47 10 49 50 83 45 17 91 64 70 96 14 86 71 90 39 05 96 89 10 50 47 32 92 64 38 69 67 31 14 13 95 54 87 56 94 42 94 47 56 54 76 
86 87 75 52 36 13 86 18 09 31 71 92 02 10 80 34 46 04 23 34 60 19 13 58 34 64 83 73 07 30 39 06 38 43 48 19 38 27 81 56 69 23 37 97 48 83 62 92 35 82 09 03 42 81 78 41 25 43 71 21 70 14 82 42 51 08 39 96 56 
50 71 67 16 53 31 50 84 58 37 78 51 73 05 36 27 19 84 69 40 71 06 87 95 61 81 25 72 64 31 68 40 62 91 50 03 19 41 69 61 14 67 42 41 93 03 89 14 65 28 10 15 24 73 59 51 71 54 71 04 61 70 39 35 25 67 32 01 98 18 
15 78 08 45 49 50 27 48 19 19 25 23 84 72 71 14 24 81 38 25 13 13 02 03 58 63 41 65 24 26 61 26 43 67 32 49 19 63 02 04 27 94 73 03 42 80 14 27 96 95 83 86 01 79 85 84 87 94 07 45 06 42 89 59 28 31 35 03 45 86 79 
16 07 43 85 03 05 38 93 04 83 32 56 20 56 04 25 36 81 97 81 62 46 84 47 25 68 25 56 21 03 04 29 61 70 90 60 54 89 29 09 26 21 52 79 05 90 97 35 93 83 20 43 06 48 85 61 75 72 12 39 20 46 49 89 83 31 86 80 28 62 86 59 
53 81 03 51 76 74 97 28 75 38 76 82 26 01 98 63 09 47 58 67 24 51 61 93 52 18 02 82 61 74 40 72 87 76 87 29 72 57 94 93 70 85 30 63 51 19 34 12 78 54 56 72 60 82 50 28 80 71 96 42 10 93 20 86 39 63 69 45 43 17 50 43 63 
80 59 46 36 01 63 49 34 17 40 76 82 82 37 85 04 78 19 08 63 69 41 95 96 35 95 34 78 51 36 07 58 07 83 76 53 42 85 61 81 24 17 89 05 04 89 40 74 31 26 97 48 32 60 34 57 78 90 97 73 18 40 35 82 43 85 17 20 67 16 81 89 50 93 
67 81 19 04 05 64 08 30 31 15 21 92 07 93 51 89 26 47 92 31 79 02 69 10 07 74 18 63 72 95 76 16 26 03 95 40 43 24 80 04 31 24 40 09 68 68 14 36 75 90 41 73 83 61 57 08 25 89 05 45 82 92 58 52 25 46 76 81 28 95 25 93 39 26 97 
97 61 43 78 14 29 84 15 32 49 27 35 37 20 15 41 63 89 60 15 27 93 25 81 61 39 87 84 63 07 25 25 93 02 41 52 83 08 13 02 96 86 92 38 14 50 01 75 71 68 20 89 57 82 83 95 92 37 15 52 39 64 03 29 51 54 30 39 29 53 89 41 28 82 01 05 
07 38 56 69 82 57 28 20 19 63 72 85 39 85 56 65 24 72 38 13 24 69 23 62 50 64 07 38 34 61 52 92 12 50 47 49 43 32 09 63 51 28 51 67 54 69 94 48 96 28 41 05 72 38 51 94 68 71 52 36 80 13 01 73 19 31 54 03 28 09 40 63 09 82 21 47 58 
14 06 01 75 78 42 12 45 48 29 14 64 93 46 24 60 72 85 29 21 84 74 79 73 71 04 19 14 18 79 47 64 93 62 09 61 84 50 31 58 49 14 40 59 41 71 95 62 82 02 38 47 52 47 74 54 17 65 82 43 74 09 96 87 76 80 63 31 45 41 07 76 40 78 09 73 03 84 
05 39 49 01 93 36 60 85 23 84 49 59 37 79 68 32 96 50 97 05 92 29 31 63 74 60 27 83 45 07 70 76 82 58 51 93 47 41 45 16 90 49 75 76 21 87 68 61 52 02 47 93 32 02 91 23 65 24 12 94 83 21 87 94 07 37 43 98 83 06 65 79 91 72 58 86 56 49 84 
07 80 95 34 45 69 93 56 15 53 58 81 54 40 47 42 35 17 14 84 54 39 13 26 74 19 54 47 92 63 30 79 51 17 90 89 70 50 52 50 60 35 58 26 57 40 45 16 24 45 68 84 62 60 50 90 63 36 74 53 78 42 14 97 52 67 32 49 53 56 09 09 65 08 38 30 96 61 25 05 
39 04 08 52 97 59 72 80 92 17 96 04 82 87 62 79 05 86 38 20 74 89 39 96 93 30 67 51 84 80 40 35 78 96 13 03 10 93 97 65 93 83 21 38 02 43 98 94 91 59 28 36 60 19 67 57 09 72 71 54 01 35 79 12 34 31 41 45 68 83 29 24 48 96 91 52 42 75 91 53 47 
34 28 79 40 19 40 91 71 85 07 80 07 09 67 27 31 21 67 74 42 47 79 95 83 95 53 03 58 42 87 69 45 67 85 97 31 12 93 94 86 32 10 14 97 02 89 45 21 70 09 15 60 37 69 15 61 92 39 35 18 86 92 68 19 62 38 26 02 36 71 61 91 73 18 01 40 25 01 65 69 16 78 
97 67 74 36 85 35 59 26 28 39 78 58 82 79 46 96 48 40 73 76 64 10 15 05 63 62 13 47 92 09 93 16 85 65 19 01 43 94 26 42 15 47 31 12 38 41 57 70 18 92 58 40 54 54 46 43 58 27 67 47 24 07 45 89 07 79 63 29 72 59 37 75 15 27 82 94 16 21 61 02 13 64 61 
36 16 57 02 94 31 92 28 19 31 69 60 26 43 80 07 13 91 71 64 48 24 64 57 24 19 69 82 35 92 42 24 62 21 59 72 05 23 10 82 34 96 63 17 90 78 15 45 43 71 89 61 95 31 92 82 47 36 63 82 94 40 01 85 47 28 29 20 82 54 12 03 68 28 31 71 62 03 64 91 96 37 49 63 
53 50 07 36 69 38 65 52 21 49 80 12 71 81 50 25 25 97 87 83 28 93 13 76 60 84 54 26 12 03 65 27 59 72 89 54 54 35 15 84 52 03 23 34 53 50 02 30 62 53 64 02 32 87 72 76 13 15 90 27 05 26 81 89 70 87 63 43 12 49 89 50 80 83 21 03 83 12 82 90 45 49 96 28 20 
25 78 58 02 21 49 82 30 61 87 89 80 19 81 34 31 89 59 47 43 49 93 19 85 57 95 78 43 80 34 51 63 79 08 56 85 12 63 62 36 15 34 42 17 36 80 51 17 54 54 98 19 32 82 74 19 94 06 02 20 60 61 47 31 18 37 49 21 82 59 96 61 05 79 37 95 09 60 01 29 03 43 51 72 38 81 
70 10 46 63 73 85 29 98 48 03 40 19 39 36 65 24 04 43 94 45 62 47 05 38 72 46 04 52 06 58 31 68 20 19 73 78 34 40 72 07 35 49 45 20 41 14 82 97 91 84 09 10 19 47 78 82 36 52 34 71 09 38 81 29 40 91 15 31 40 15 63 29 01 90 26 84 69 73 34 89 30 85 15 67 31 15 24 
36 75 69 04 06 62 95 62 64 81 37 75 25 96 08 24 07 94 10 53 31 85 39 65 40 21 16 50 68 95 58 83 80 45 87 53 27 27 98 50 27 12 82 28 58 62 80 87 83 28 60 34 02 95 81 50 70 93 05 42 49 23 62 31 37 43 39 70 60 90 13 89 49 17 89 52 03 96 03 94 70 38 54 19 38 69 06 51 
92 51 28 16 75 16 36 40 02 83 54 70 92 75 62 38 54 17 97 92 23 19 59 53 50 74 20 06 69 42 92 07 13 10 08 10 29 74 89 14 15 87 06 87 61 35 67 13 68 09 93 95 01 10 96 06 28 30 47 96 34 68 81 40 59 14 59 26 52 41 23 85 49 47 71 75 50 49 81 41 31 27 51 20 72 68 48 95 34 
23 97 87 80 98 70 62 59 73 57 15 73 32 94 92 14 06 05 73 32 92 62 50 38 85 30 72 04 27 40 48 36 34 74 02 91 28 04 07 52 64 69 31 71 13 61 28 32 18 96 40 08 93 01 17 45 83 65 14 95 12 31 37 80 45 12 17 70 47 62 41 30 32 64 56 07 73 73 32 43 58 61 34 60 87 68 89 52 34 03 
97 81 23 42 39 84 79 16 49 81 61 51 12 75 92 19 35 41 81 24 70 59 06 04 42 20 05 94 95 87 84 60 65 82 94 32 52 81 32 35 70 63 12 27 09 04 50 92 48 04 83 85 35 12 36 25 38 41 67 82 60 24 23 89 71 31 50 75 24 87 73 62 19 04 63 49 74 51 64 18 69 25 16 79 59 61 90 85 39 67 81 
30 15 80 04 07 46 27 90 87 67 89 46 43 09 18 26 92 75 38 89 10 19 28 38 89 20 60 54 30 54 42 39 03 03 42 70 98 31 46 75 07 14 78 83 34 39 42 87 62 30 50 83 48 35 45 39 57 25 54 97 93 60 29 74 31 04 20 91 90 36 40 36 03 02 75 72 95 72 07 45 34 29 58 17 43 18 16 72 08 97 80 54 
94 61 16 21 83 37 26 84 14 59 31 20 04 93 50 67 26 07 83 59 23 46 36 12 24 49 93 94 56 04 54 67 69 76 36 64 43 32 79 59 79 67 56 29 34 45 08 87 98 79 85 04 52 28 49 19 83 16 20 72 83 89 82 50 31 79 93 72 43 63 89 02 23 15 21 12 54 94 48 29 34 03 45 93 91 97 13 56 82 38 98 53 89 
02 08 47 04 51 43 23 58 62 26 20 54 69 27 93 28 37 32 90 50 69 12 51 31 09 75 83 20 96 92 30 95 92 28 31 81 38 13 80 65 81 71 85 41 07 97 85 45 17 85 81 27 12 02 87 05 15 23 39 08 86 59 81 45 94 56 45 63 68 69 40 82 32 80 74 46 15 23 26 67 30 68 80 53 46 29 42 63 86 91 86 81 36 74 
46 07 56 28 57 69 17 83 64 59 23 89 36 34 53 10 47 56 76 50 86 82 62 20 38 37 81 87 17 74 13 63 15 81 72 19 74 74 51 64 78 48 08 04 87 31 68 90 71 75 81 25 20 46 65 49 68 80 34 45 09 45 05 23 20 84 25 74 40 05 02 47 03 71 27 91 45 91 95 82 50 38 02 61 72 85 64 63 07 84 32 31 56 82 23 
20 79 91 56 39 02 85 75 98 56 05 90 07 23 72 56 27 32 39 40 86 80 72 19 90 76 63 93 13 16 29 74 50 07 25 25 15 83 73 93 56 63 52 71 01 27 47 35 57 58 75 34 65 47 38 32 84 41 41 01 36 02 30 78 43 59 84 16 65 60 69 67 28 75 87 68 57 75 65 54 32 34 35 80 37 27 70 03 10 62 37 21 53 82 53 29 
90 24 63 81 02 08 42 79 59 40 30 73 03 90 21 94 36 48 84 53 59 35 70 30 70 63 29 37 93 23 31 78 83 05 16 26 64 27 36 76 74 80 48 20 60 72 49 24 38 42 39 26 70 35 35 09 51 18 61 20 02 10 82 54 20 68 81 27 68 40 47 45 27 05 18 87 72 15 81 30 81 34 93 16 79 20 71 06 48 30 56 67 62 91 20 20 71 
58 54 06 39 19 97 23 10 18 76 73 13 01 36 39 31 27 87 92 39 62 54 83 52 70 12 52 24 56 39 32 13 03 76 79 89 63 27 34 31 84 95 62 81 73 20 65 32 14 52 68 63 24 26 69 40 46 10 93 65 19 78 38 67 83 19 63 46 32 82 30 20 75 37 86 83 42 63 84 97 24 49 54 97 60 57 27 21 61 56 23 58 50 36 17 32 24 98 
15 90 38 16 91 91 36 60 09 86 98 84 41 10 54 31 13 46 21 86 76 03 07 89 59 64 41 38 17 05 02 54 62 15 72 03 70 58 52 70 60 76 39 98 63 56 51 09 54 61 48 52 74 57 86 69 78 50 91 42 64 78 89 51 70 89 64 98 41 18 49 70 10 54 49 48 40 39 65 29 60 70 41 25 07 90 71 92 92 27 38 46 50 16 32 17 56 12 21 
18 93 16 38 65 81 40 43 64 26 90 83 34 54 89 63 86 46 94 34 95 68 94 51 39 04 51 90 61 36 27 86 54 27 67 20 84 91 76 41 24 73 89 02 30 21 91 28 64 69 42 70 91 67 43 71 71 49 98 86 53 51 87 16 95 75 32 24 38 12 98 60 06 83 14 13 83 81 58 07 53 64 08 30 03 56 84 18 02 07 54 62 39 24 71 36 92 46 71 43 
45 08 89 30 03 89 64 05 35 71 89 65 71 28 26 35 82 76 05 67 76 41 29 31 12 98 52 17 95 25 04 03 76 46 49 09 52 95 23 62 67 60 42 97 98 94 42 57 63 27 34 01 74 65 35 01 62 51 62 01 15 01 46 60 67 27 06 02 32 95 61 39 96 59 89 09 52 56 35 23 06 80 23 91 85 75 29 46 16 94 61 38 71 07 72 94 10 50 29 30 95 
91 18 29 43 51 63 84 38 27 58 24 83 95 32 18 87 92 81 64 15 91 02 31 73 61 50 61 64 35 71 78 34 08 63 67 81 97 85 64 01 27 20 24 05 50 62 92 64 45 69 59 59 56 65 59 28 64 69 30 76 83 37 38 49 20 34 65 01 45 23 61 62 60 36 45 90 73 65 04 57 68 32 52 18 31 50 97 35 25 71 41 48 81 81 08 31 10 50 97 62 60 64 
08 49 85 19 34 58 07 16 31 79 36 52 23 09 47 19 38 62 32 59 09 74 54 86 02 91 83 36 85 28 05 03 28 43 85 68 10 48 59 23 76 90 58 92 13 65 27 29 81 01 72 94 28 02 35 63 21 15 10 61 52 64 72 53 42 38 35 61 08 35 95 15 85 16 71 85 81 74 37 52 05 64 80 16 78 82 79 35 65 78 72 58 92 59 31 95 85 13 49 64 85 28 24 
93 21 76 41 07 10 20 81 36 92 32 89 28 97 78 91 07 79 39 25 98 39 29 43 62 30 08 07 41 54 46 63 32 80 90 19 19 50 34 36 94 38 18 09 09 42 25 46 73 09 34 83 56 56 69 24 28 49 59 65 20 10 68 67 84 20 49 65 17 07 83 34 84 84 53 12 98 67 86 26 28 39 40 19 87 95 47 40 26 43 43 09 13 89 37 87 75 90 28 73 21 40 50 58 
51 32 72 40 62 67 19 65 36 89 78 89 73 36 81 40 25 90 92 63 86 76 59 46 13 72 36 63 41 24 16 31 61 74 30 64 95 19 73 17 95 95 61 45 26 79 93 87 89 07 03 95 98 75 31 98 20 63 50 85 93 48 61 46 93 28 05 79 47 62 19 27 42 73 32 43 57 18 73 36 21 30 10 64 16 13 80 75 75 25 12 65 41 25 84 68 25 30 28 21 38 95 46 04 63 
39 53 52 63 65 94 70 08 36 74 16 31 86 23 12 70 91 14 89 02 79 15 52 69 38 81 75 97 93 50 39 98 30 95 46 24 51 05 50 37 81 79 54 79 04 34 78 69 24 71 69 76 65 34 93 81 84 01 67 28 30 23 74 48 19 30 45 19 19 62 75 06 19 29 70 10 18 02 09 07 61 70 28 50 92 72 67 65 10 80 21 64 21 96 85 36 74 34 68 47 15 23 34 51 04 69 
81 37 89 74 18 63 48 97 45 45 98 94 49 40 39 89 61 45 68 95 28 75 37 60 89 17 89 45 21 42 95 85 16 26 51 92 65 21 43 04 09 54 46 41 76 41 08 35 24 80 98 15 49 93 41 31 21 68 42 09 35 06 93 25 45 82 38 01 74 46 35 05 58 32 68 06 05 48 90 73 06 42 24 73 63 90 47 27 82 46 69 31 52 62 52 90 10 23 14 59 41 49 03 03 16 72 18 
27 25 69 48 65 48 78 02 70 79 32 42 13 45 43 01 95 45 28 25 87 54 21 15 26 14 67 03 74 70 28 74 57 68 29 63 97 69 74 01 62 93 37 84 07 79 73 78 28 37 43 91 65 59 08 94 07 08 24 42 42 53 57 03 43 03 67 14 09 08 54 98 39 47 52 03 10 07 06 43 67 89 48 49 52 76 47 82 07 14 84 60 34 14 36 09 39 05 74 34 28 61 12 85 70 29 83 93 
09 28 43 37 65 15 43 12 15 72 43 13 89 54 64 01 79 52 57 96 57 73 35 38 15 10 91 31 67 46 29 29 74 31 32 68 83 70 98 96 87 70 27 37 96 51 82 70 98 75 83 18 51 81 61 76 47 17 42 93 71 96 41 59 24 59 38 08 67 28 78 84 76 25 71 87 04 08 62 43 51 29 59 35 85 26 85 17 80 41 48 32 76 94 06 04 58 59 03 92 80 20 90 24 90 43 35 93 30 
53 19 52 82 19 28 82 42 39 91 94 68 87 81 82 21 10 95 51 42 91 71 81 18 95 50 87 92 70 12 56 27 04 86 54 35 20 98 19 09 96 60 79 05 81 59 48 56 41 83 04 07 36 21 64 12 02 63 06 69 48 34 58 81 56 71 63 79 79 16 30 82 56 03 07 65 38 84 25 58 96 30 90 40 45 92 80 54 05 35 97 82 62 21 01 36 13 67 63 38 90 72 60 03 14 24 86 86 65 62 
17 63 01 38 81 67 26 01 01 56 35 61 32 56 41 78 97 80 24 07 25 69 36 32 26 57 62 51 04 49 81 08 82 23 72 85 56 94 28 93 28 74 84 24 95 42 58 70 57 01 13 91 61 32 38 08 78 40 34 72 72 42 18 90 73 90 79 36 07 65 32 85 51 07 72 15 29 29 41 12 56 10 90 73 26 90 25 58 63 06 01 86 17 78 75 41 02 92 40 82 21 26 78 48 67 83 57 82 53 90 93 
30 78 71 57 42 07 18 62 95 28 48 08 14 41 80 62 12 98 12 30 47 46 25 26 78 17 06 17 67 86 56 10 40 98 58 08 13 27 83 57 34 27 03 84 36 93 82 89 67 82 06 45 42 68 72 87 87 47 79 20 53 47 17 72 75 53 48 08 94 53 86 12 58 21 04 50 54 53 19 09 24 84 64 68 57 08 62 94 65 69 68 43 56 28 62 09 21 52 61 69 48 82 04 94 85 23 25 74 74 82 98 75 
29 03 84 63 02 92 10 16 24 63 69 68 68 71 30 42 76 16 40 28 60 73 98 52 54 29 04 59 32 58 60 79 10 78 35 87 85 57 82 15 05 35 79 96 06 81 08 57 85 89 41 90 19 30 48 49 34 73 52 02 80 06 76 85 89 98 60 54 84 12 50 46 24 20 78 89 82 96 43 36 02 07 65 97 94 20 64 72 52 59 37 41 70 37 70 93 45 40 17 21 30 09 78 32 05 92 74 47 97 57 87 51 32 
20 97 01 49 41 20 10 38 84 67 07 70 25 82 07 78 41 29 02 82 25 82 51 86 58 04 82 12 72 48 46 18 89 54 61 90 46 43 63 28 81 20 71 46 14 97 01 24 62 93 26 81 45 60 67 94 39 76 73 69 57 52 74 46 41 24 87 29 98 29 02 53 51 27 14 37 93 41 52 59 47 21 01 28 83 89 29 41 20 59 47 76 73 45 81 32 35 54 72 70 58 87 58 07 95 35 16 42 74 90 36 96 13 72 
18 39 60 25 21 70 52 20 95 34 21 54 69 31 31 18 56 07 97 18 34 81 39 81 12 30 09 14 60 40 58 60 96 81 90 31 17 72 46 87 03 30 23 08 20 41 81 98 90 98 05 76 71 09 82 06 54 83 32 14 50 03 32 73 12 70 84 98 43 69 64 83 49 20 23 29 25 13 41 07 25 26 71 10 94 84 69 47 24 64 63 15 20 57 67 09 94 31 21 73 98 15 56 05 78 68 38 28 28 01 23 79 41 18 35 
86 45 15 49 27 51 78 35 49 25 32 23 90 29 74 49 64 85 38 01 98 79 15 53 97 34 72 23 16 07 85 71 61 37 29 52 89 05 83 97 32 52 08 50 85 16 89 29 76 02 50 54 59 26 30 08 61 41 01 32 38 30 51 54 26 86 81 85 82 03 79 28 69 42 15 76 30 92 73 52 54 94 42 78 21 27 98 98 26 76 28 35 48 03 05 92 62 72 63 62 21 08 37 74 08 87 95 63 79 51 71 03 01 05 93 86 
82 49 04 32 95 91 72 05 25 35 25 86 83 83 93 20 36 12 12 10 17 73 35 96 69 67 68 56 69 60 42 85 49 65 29 98 70 64 90 17 21 20 74 14 95 50 49 91 78 95 68 20 80 81 19 64 29 50 71 13 45 73 01 16 06 08 42 40 67 72 93 29 75 53 57 65 51 52 83 75 05 51 21 10 63 30 27 15 09 48 45 85 68 67 31 27 92 21 89 87 35 50 63 29 91 43 59 80 81 35 12 36 79 59 23 02 10 
83 57 64 18 71 10 09 80 04 61 19 26 10 80 12 24 45 34 01 06 37 68 05 08 25 31 03 90 93 78 38 42 01 90 42 08 61 96 43 15 26 02 68 81 80 80 19 52 83 29 34 81 59 34 65 65 46 58 59 20 39 83 76 09 98 39 61 54 17 35 31 71 43 03 51 98 01 32 89 72 40 76 57 41 01 48 78 36 74 63 42 84 48 07 96 24 70 49 64 52 48 94 69 71 34 93 16 24 18 85 47 92 69 01 30 74 56 54 
53 02 97 87 83 14 98 25 86 76 87 71 58 93 53 86 37 28 73 30 24 07 80 85 12 40 06 70 82 48 21 16 08 69 65 81 90 75 89 56 65 96 32 20 84 76 36 60 18 68 85 03 01 07 15 49 15 98 13 67 18 08 79 18 63 71 14 73 07 59 59 25 10 82 56 61 32 52 38 21 21 97 19 16 03 17 41 10 78 01 94 30 60 05 48 98 34 86 72 97 67 26 91 09 89 93 41 87 06 47 31 59 96 40 08 17 89 28 13 
73 48 04 97 09 94 90 29 86 39 61 84 24 58 70 35 96 46 46 68 51 97 89 67 08 81 62 34 13 27 72 62 23 21 85 71 43 49 45 18 02 60 05 89 37 94 80 49 57 85 43 12 82 05 09 85 94 87 20 40 72 36 51 12 60 01 57 17 65 36 69 95 26 58 13 28 01 04 07 30 08 39 26 46 54 92 25 39 15 35 60 06 09 95 62 71 06 64 05 54 84 74 60 70 02 67 18 41 39 63 93 69 78 16 63 09 15 57 14 10 
27 36 71 69 31 72 51 23 71 71 40 87 65 64 35 53 47 10 95 43 58 74 47 37 57 26 04 30 64 81 53 27 61 53 37 90 48 56 56 25 69 03 86 12 64 17 36 63 42 02 27 86 74 87 92 13 84 15 09 50 64 95 15 03 64 80 26 54 89 36 81 57 15 67 45 50 52 08 50 70 49 03 74 68 84 73 58 64 20 95 98 48 07 94 87 84 42 43 58 05 18 87 48 59 85 23 07 74 83 51 31 31 58 79 35 13 10 41 18 28 53 
84 51 24 49 14 67 14 10 84 17 72 29 40 46 67 50 09 19 83 60 91 02 56 25 72 16 67 35 72 71 02 23 94 57 36 01 05 64 24 49 82 40 89 72 60 42 23 06 32 21 21 90 27 76 67 82 97 38 52 89 51 83 27 31 74 03 24 69 34 29 62 86 90 14 51 41 26 31 17 05 72 98 07 50 92 63 94 51 71 67 83 79 28 60 48 34 35 52 43 92 49 25 72 90 29 54 23 15 18 50 19 26 87 07 49 87 83 95 21 17 01 79 
97 54 12 75 59 78 19 96 39 69 27 83 94 10 43 39 06 61 02 07 27 73 50 90 72 61 16 53 43 09 65 50 62 09 35 82 28 16 15 79 95 40 82 89 98 26 28 05 10 79 53 14 39 40 81 93 35 80 86 03 30 85 19 89 32 78 94 12 96 45 60 98 94 47 75 93 81 46 30 85 70 67 49 73 21 98 97 27 76 16 78 96 50 97 58 30 72 45 07 89 93 46 38 24 72 05 37 53 51 91 01 30 97 65 32 63 71 30 01 45 75 42 19 
90 26 45 52 41 96 84 01 49 53 61 25 68 01 94 93 90 24 41 31 14 07 10 10 42 24 21 61 76 07 57 20 72 63 76 87 18 60 39 26 75 78 56 06 91 87 42 04 82 01 37 53 18 58 79 89 90 43 60 72 83 84 87 43 82 52 69 08 98 93 51 32 41 73 28 92 71 12 74 32 83 62 87 85 23 29 63 32 90 35 19 18 46 04 15 21 35 70 39 89 07 85 29 03 12 28 20 69 75 30 10 65 43 42 56 64 74 51 37 87 93 45 61 80 
93 27 70 71 51 14 70 58 45 02 14 98 09 28 38 54 65 59 03 27 21 17 53 04 86 87 78 94 23 84 27 16 65 51 78 20 56 13 69 26 50 61 10 49 14 69 09 14 38 17 59 75 79 69 72 31 51 42 54 82 52 63 56 46 74 28 30 98 15 76 42 70 50 98 51 61 04 79 93 24 82 87 05 65 02 53 57 60 75 71 16 82 48 05 05 50 13 13 69 95 98 18 61 02 47 73 02 64 14 03 29 42 46 09 56 39 98 30 58 56 83 84 69 03 38 
26 67 62 12 54 46 21 97 64 49 23 42 57 56 73 52 97 38 43 56 78 31 57 35 97 21 14 95 62 18 41 53 70 95 74 48 09 41 35 51 54 32 12 63 63 43 18 27 53 49 58 71 54 28 07 75 91 71 92 57 54 73 94 03 40 27 46 51 58 96 57 50 69 07 25 27 71 43 91 53 76 63 73 46 49 43 28 24 24 37 01 05 29 78 78 01 29 35 09 40 18 97 34 91 32 98 63 07 58 31 89 56 01 48 01 21 65 02 68 03 12 21 57 60 12 57 
63 53 25 17 68 23 39 06 86 24 98 83 31 32 03 07 58 07 67 89 52 52 13 71 87 28 18 97 49 81 78 60 61 27 12 02 63 61 74 16 24 95 67 74 74 54 60 96 70 93 89 37 32 06 97 12 93 42 91 39 25 95 27 06 78 62 46 83 04 74 74 65 03 64 87 38 84 94 24 46 18 78 03 97 32 51 93 80 38 75 62 40 32 25 63 97 26 36 43 24 53 78 73 56 34 80 73 36 41 65 31 82 52 17 84 51 19 18 92 96 17 07 86 68 76 24 60 
84 39 73 87 03 47 81 49 09 14 38 85 83 35 52 24 71 31 75 78 18 72 85 02 85 62 15 68 65 24 62 60 81 16 67 61 54 41 01 78 10 68 31 04 86 35 26 90 43 15 95 89 16 65 05 03 01 01 13 50 07 84 86 91 09 86 12 52 13 24 25 48 32 76 54 31 92 02 40 63 04 05 35 53 60 74 94 47 78 39 20 63 79 70 46 78 20 34 86 25 52 80 20 67 85 51 01 90 68 28 98 53 87 09 48 94 37 75 59 91 42 63 17 68 24 84 29 75 
72 53 52 79 17 48 64 34 91 27 65 65 06 89 31 06 98 02 81 27 96 30 90 30 31 39 37 75 28 01 84 63 59 37 45 15 90 19 93 48 74 10 89 60 15 41 92 83 36 90 62 91 53 94 90 78 49 08 08 31 96 84 52 76 94 53 07 25 92 57 42 54 60 34 73 19 29 61 93 27 82 02 73 54 35 86 42 67 14 40 53 79 73 80 71 16 74 15 25 12 10 07 32 50 60 45 42 32 87 87 91 03 53 26 39 31 32 24 47 60 59 67 18 13 72 56 40 23 16 
72 34 81 76 52 70 31 31 97 64 21 57 69 43 71 14 86 43 97 74 89 98 61 09 23 37 25 51 34 07 40 84 80 65 82 39 75 12 64 51 53 08 42 37 28 10 59 16 73 54 45 62 57 54 54 67 24 25 08 52 82 58 30 30 28 36 85 63 84 61 89 87 54 73 03 09 58 80 37 02 17 92 89 72 05 04 62 43 82 36 68 91 47 75 80 23 02 95 52 96 01 96 45 84 25 35 60 09 75 69 85 10 45 86 18 70 80 09 35 01 16 15 61 50 52 51 43 92 16 71 
43 06 45 96 60 51 41 78 53 23 97 03 34 51 18 85 56 31 95 25 65 41 14 12 97 30 37 57 12 05 23 91 73 19 32 69 20 25 93 03 75 62 73 52 10 35 59 31 05 39 26 13 81 23 15 46 09 71 76 80 10 91 70 82 18 85 45 93 82 72 61 26 53 43 13 72 21 79 32 59 96 24 82 72 58 72 87 07 23 97 07 71 61 37 59 43 32 79 51 23 64 20 73 17 84 92 30 52 98 92 40 79 86 68 41 49 16 78 45 59 98 07 48 20 14 59 01 29 41 37 80 
57 14 58 20 59 72 16 83 53 31 81 65 59 19 56 43 95 74 48 45 34 13 98 70 84 93 17 12 32 62 02 68 05 16 36 07 61 02 17 76 95 80 31 75 45 91 60 94 15 80 36 61 21 42 60 61 01 90 28 06 20 12 57 96 12 92 67 95 47 69 97 34 21 45 32 63 07 01 04 90 16 16 68 21 36 13 54 76 80 87 13 68 75 05 84 02 90 27 06 78 58 45 20 69 41 29 48 47 43 67 10 74 27 41 93 05 35 89 19 31 37 07 36 84 08 26 79 36 60 40 75 67 
15 49 37 65 36 76 13 84 62 52 48 80 67 93 91 96 14 76 53 19 68 78 59 25 23 89 94 24 10 17 07 34 95 76 07 10 08 95 08 48 98 25 23 95 95 48 47 52 61 50 65 85 69 29 32 34 61 70 31 42 76 51 45 94 47 28 40 76 63 24 20 97 97 50 15 41 06 50 83 57 94 32 05 54 90 07 80 28 64 45 14 97 59 06 59 41 17 15 28 17 76 79 35 05 19 20 75 26 83 52 51 70 95 23 63 91 60 76 02 62 21 57 29 94 15 42 46 94 26 26 72 45 15 
19 47 31 29 49 34 98 81 56 06 50 90 05 37 56 93 09 71 03 53 74 52 85 50 46 75 71 67 57 36 51 93 83 37 15 27 45 30 48 40 72 75 79 82 41 85 29 93 60 73 09 41 97 68 24 18 49 23 16 85 67 95 68 07 21 52 29 79 17 49 50 93 51 48 28 71 18 80 81 35 48 63 41 04 72 19 82 51 93 74 37 69 05 76 72 38 32 18 07 72 10 45 30 73 48 16 91 16 95 27 79 84 49 72 65 32 18 48 50 86 08 42 82 05 73 83 76 92 46 73 57 01 69 04 
01 68 54 92 58 57 51 84 61 30 39 04 18 78 61 20 53 41 39 76 69 25 48 37 28 93 19 27 12 80 81 25 60 41 03 28 05 50 79 26 12 20 68 04 57 64 04 15 30 38 14 62 89 62 91 78 98 82 30 35 05 68 91 51 73 96 23 36 32 58 58 64 30 42 61 68 17 85 57 47 51 10 04 10 30 48 58 42 14 59 09 52 42 84 18 67 07 26 70 85 37 21 05 27 37 64 51 78 98 14 26 20 62 21 16 14 89 51 42 58 70 84 15 67 01 30 78 24 41 79 32 51 39 49 87 
46 39 32 94 30 18 03 78 29 64 05 98 45 73 14 32 78 43 70 78 07 75 38 10 48 27 82 14 47 32 93 69 50 93 27 72 32 43 82 84 08 76 78 23 62 69 79 32 03 62 38 05 10 39 01 26 78 98 31 94 52 12 86 15 09 83 93 51 96 19 59 64 64 48 68 40 71 51 68 48 15 37 52 85 58 84 60 45 50 59 29 17 47 67 34 73 98 37 58 69 68 18 19 53 42 81 46 10 60 21 41 24 16 56 92 27 03 10 46 62 18 09 73 54 36 64 02 64 51 50 23 17 70 64 25 12 
84 73 24 41 75 13 79 19 25 65 23 20 46 40 05 52 06 76 04 19 36 02 68 34 45 70 35 10 42 25 83 25 76 03 37 18 74 19 98 09 27 04 47 56 92 70 76 83 04 27 42 24 38 97 46 56 72 28 86 38 86 85 31 03 04 74 71 29 30 73 73 79 48 70 58 45 24 37 09 52 93 25 26 79 69 24 36 73 62 95 15 97 29 21 78 63 87 21 60 23 18 31 67 46 79 73 34 48 24 42 09 18 19 10 34 26 47 14 17 08 04 26 48 05 96 31 87 34 96 78 42 56 28 53 53 46 10 
86 87 07 23 14 50 52 51 12 89 96 97 75 37 26 40 04 91 27 82 51 78 85 63 13 81 58 50 93 64 23 56 84 32 53 16 80 97 92 47 95 54 46 57 85 07 87 74 75 15 79 16 39 69 90 81 90 95 42 61 10 94 62 87 78 84 13 76 80 20 64 79 13 92 35 02 92 03 25 35 13 98 31 37 42 73 46 84 29 91 93 86 17 03 39 96 25 34 31 81 70 72 12 02 32 71 47 23 48 71 18 08 19 80 84 63 30 58 63 74 74 58 03 31 19 91 91 84 98 54 18 98 08 21 73 46 29 51 
47 98 09 15 47 81 89 81 75 56 46 51 05 67 68 90 39 49 01 79 86 64 13 16 63 15 64 19 37 80 96 57 62 90 78 29 41 67 85 97 94 31 74 85 53 50 73 15 87 34 28 79 80 61 57 02 08 56 26 34 37 68 15 28 94 73 67 84 35 21 96 19 45 51 02 93 80 94 46 43 28 65 93 06 35 54 26 87 65 37 23 12 36 67 28 87 29 41 69 23 01 65 63 96 14 79 23 64 38 48 94 83 62 56 40 15 56 36 27 82 79 27 59 20 38 06 51 54 81 32 96 37 14 26 18 75 71 23 32 
40 95 86 27 86 83 97 60 92 31 04 39 59 14 73 32 17 42 73 06 40 80 81 93 46 45 60 47 09 85 24 51 08 91 83 80 82 14 42 51 72 82 21 43 85 58 84 52 20 08 72 89 75 04 68 48 63 03 73 51 79 59 56 15 41 68 41 35 43 41 92 01 65 48 07 21 81 03 09 64 10 89 65 39 81 61 70 79 60 27 51 54 09 26 31 63 75 40 18 67 43 60 51 83 38 07 15 52 26 62 72 86 93 65 58 59 37 53 15 04 83 13 12 85 05 50 53 92 32 93 26 51 41 35 48 46 52 68 05 58 
54 25 60 58 95 01 98 13 18 95 19 87 32 86 16 13 37 78 13 78 45 59 48 12 85 64 38 80 86 37 53 45 65 17 89 23 83 57 87 09 34 26 63 17 16 09 57 16 30 63 12 76 75 84 56 81 21 64 40 83 15 94 07 41 87 96 38 01 68 49 74 71 90 50 76 23 46 25 36 84 26 60 05 25 37 48 70 03 16 85 61 60 83 40 60 94 61 21 56 71 30 85 07 81 62 29 18 51 83 53 49 92 89 62 43 25 97 52 98 05 87 34 04 97 75 42 75 63 12 89 06 30 81 69 54 40 15 05 70 41 02 
05 76 26 78 81 31 07 96 82 02 04 70 93 07 63 74 93 04 26 10 47 14 20 48 78 85 41 87 45 03 70 53 12 47 51 85 81 45 93 90 45 25 70 95 94 14 73 05 90 71 49 30 01 23 24 58 41 28 54 43 60 54 23 78 27 32 40 21 73 67 68 10 82 15 07 56 58 10 85 75 29 29 56 28 03 67 97 25 74 95 42 63 35 31 78 71 94 39 69 78 35 16 28 70 61 48 81 53 03 14 31 63 12 95 30 71 98 82 01 63 84 43 84 24 78 18 26 03 87 51 46 16 95 52 60 16 92 19 03 73 76 74 
93 58 74 57 93 42 20 37 64 15 39 28 36 42 52 95 35 62 61 91 69 93 30 07 30 97 62 36 92 61 90 21 51 05 17 97 92 16 42 60 98 78 05 09 26 84 54 20 73 42 54 92 34 71 19 03 10 40 84 35 09 47 23 25 74 71 83 10 71 08 03 58 34 82 73 65 76 37 62 73 37 10 96 06 49 89 05 91 67 70 04 19 39 05 03 65 68 20 68 32 83 31 01 80 15 58 54 08 63 62 83 96 41 18 71 29 95 08 62 43 38 42 56 15 07 38 16 05 56 07 54 75 35 79 91 61 41 70 05 12 54 38 74 
56 30 79 16 26 12 58 79 85 02 12 29 16 59 97 26 75 21 50 48 50 21 14 75 75 12 21 51 41 76 36 46 39 81 19 25 43 85 39 34 50 40 47 09 13 48 71 14 19 40 93 17 06 53 26 27 75 03 19 40 24 14 27 12 90 39 84 37 36 12 56 74 46 97 80 24 94 92 92 67 30 14 35 84 54 31 48 90 62 64 92 83 18 81 10 65 61 35 93 75 91 94 18 05 48 12 80 73 64 96 31 10 85 90 52 29 48 61 51 29 23 27 13 31 04 70 58 35 42 74 67 34 01 35 52 36 23 09 27 24 10 70 17 95 
98 35 07 74 15 38 25 93 43 62 58 34 83 98 39 68 01 34 71 72 72 86 60 15 29 59 12 59 45 70 24 12 09 68 54 89 69 97 01 60 94 51 43 38 63 15 74 04 98 65 98 59 61 50 24 69 29 62 64 25 54 34 92 80 67 04 13 17 30 87 63 31 91 50 89 87 96 42 15 97 63 39 43 89 72 74 82 97 40 82 03 02 23 68 76 73 46 31 40 36 28 29 42 34 10 90 73 32 06 29 12 57 04 28 97 53 09 34 34 81 49 26 01 15 70 85 21 38 86 47 68 31 64 38 85 32 83 78 96 12 98 08 92 96 36 
60 13 18 21 89 06 89 54 24 48 79 61 18 65 74 24 86 86 10 32 05 76 24 01 82 70 59 40 43 65 84 84 90 24 43 74 64 49 72 23 73 84 91 68 65 18 93 85 41 93 48 34 23 32 01 12 36 50 98 81 39 65 16 13 83 04 95 27 76 05 40 05 28 31 79 50 76 10 40 91 09 83 20 05 86 45 92 18 15 26 25 86 45 40 32 01 68 60 02 50 51 84 91 80 98 29 63 97 38 01 91 42 59 73 60 58 95 93 39 34 83 27 30 04 01 47 04 62 73 28 29 08 72 48 86 41 68 76 93 19 63 07 04 54 05 46 
81 38 12 93 92 37 23 62 14 47 23 24 04 31 81 37 46 08 85 91 18 92 91 78 58 51 92 95 86 97 54 75 54 17 78 82 17 62 79 84 58 34 35 25 75 05 68 85 60 32 78 87 97 84 43 20 26 65 16 59 64 29 42 03 65 62 96 71 78 42 04 03 19 43 38 50 67 47 91 63 05 34 10 61 63 28 08 91 26 35 85 14 54 93 51 07 08 74 69 40 40 04 48 54 34 92 46 63 70 37 73 73 34 82 56 68 15 89 07 91 43 50 30 42 67 25 26 78 65 40 71 91 05 18 68 83 86 93 86 70 70 47 70 78 93 73 26 
35 21 18 83 23 63 41 31 90 93 70 65 39 23 24 32 52 94 59 98 16 30 02 34 50 08 56 58 07 14 16 28 73 84 14 10 57 17 38 49 25 07 65 49 79 07 86 79 51 26 18 91 21 48 57 71 18 36 18 25 86 13 89 23 92 90 31 71 21 42 18 93 92 52 62 48 08 94 25 60 82 63 54 16 78 64 69 75 91 76 92 26 26 61 21 82 43 84 85 64 15 60 26 84 75 40 18 51 90 70 01 89 81 02 92 02 79 72 30 74 08 68 92 57 72 43 26 28 90 98 05 02 53 25 41 48 05 69 80 87 07 43 21 48 04 93 75 76 
40 14 30 36 43 90 03 51 85 56 56 30 23 54 94 12 85 29 96 52 54 57 93 82 26 85 31 94 69 30 67 03 70 47 76 32 93 71 98 46 63 81 13 79 68 04 06 25 25 64 50 95 56 47 82 26 07 82 08 47 69 81 60 28 86 29 07 73 49 71 53 04 93 82 47 97 39 69 83 69 28 12 15 81 81 21 72 12 42 50 86 60 45 08 49 80 94 81 31 35 23 16 63 72 03 72 06 63 98 15 21 24 84 42 17 50 02 12 75 82 29 01 04 54 53 21 58 97 25 07 87 89 30 28 79 08 63 83 83 83 62 92 85 61 29 23 59 72 28 
09 59 13 12 48 54 74 45 64 95 48 42 94 61 03 03 46 13 59 31 63 08 83 64 57 20 83 78 14 06 42 96 92 69 03 92 30 37 71 17 70 71 70 17 84 37 01 28 76 53 67 23 02 86 47 36 08 48 45 12 61 35 40 95 62 91 60 05 09 21 62 64 92 18 73 60 20 95 39 42 27 05 01 69 09 53 06 94 80 85 97 95 36 19 92 69 02 07 78 90 19 72 56 28 18 63 10 26 47 74 78 01 60 78 95 74 59 42 68 40 98 48 07 82 68 80 91 15 12 42 14 43 59 06 84 15 39 57 32 69 85 20 07 16 32 38 20 91 80 51 
48 07 76 76 80 25 42 02 43 84 43 87 20 13 21 40 59 40 92 47 01 95 35 47 27 64 32 60 56 34 56 70 84 79 08 37 92 01 79 35 98 14 14 49 29 43 94 60 68 83 07 95 50 60 32 81 67 79 02 98 47 52 04 30 58 70 78 36 51 21 89 41 56 23 57 86 23 08 67 85 34 58 37 52 73 73 57 85 09 73 32 93 62 47 23 72 89 98 18 67 29 03 21 73 72 37 29 13 14 98 49 32 48 94 72 17 94 82 71 96 95 60 47 09 25 05 14 13 89 46 53 76 35 36 64 60 78 48 64 56 28 29 70 24 51 19 89 51 52 57 48 
87 25 08 23 26 98 39 06 29 79 76 82 95 07 23 21 49 85 43 49 25 97 17 90 79 13 17 82 23 60 09 43 42 94 15 28 95 65 59 52 51 84 83 74 49 45 29 13 49 40 84 89 94 42 83 34 93 25 45 42 58 97 48 79 95 90 46 04 94 81 97 24 13 08 82 65 27 48 56 18 02 09 70 65 31 95 35 57 54 68 69 23 63 86 70 43 27 76 23 80 28 02 51 15 62 64 79 01 19 63 41 90 06 68 37 84 03 74 97 58 56 60 13 39 02 81 89 24 59 51 12 80 13 34 62 40 74 59 80 65 23 45 13 78 61 43 45 78 96 93 46 82 
73 17 16 68 89 41 02 60 82 82 16 97 36 47 03 97 23 76 38 78 30 03 50 62 19 18 08 54 43 53 65 76 62 38 13 36 46 89 62 05 63 76 73 68 18 30 71 31 59 68 87 83 32 45 52 46 34 05 97 29 83 03 89 20 47 85 10 36 86 04 89 37 46 71 93 37 57 57 67 59 13 80 57 67 68 91 12 84 84 01 56 84 26 32 14 98 41 65 24 78 26 09 93 38 16 19 54 04 63 86 38 15 62 53 97 15 54 60 69 63 30 38 17 18 60 16 59 93 51 87 12 60 47 02 17 93 97 39 28 32 38 83 29 83 42 83 50 40 43 42 81 16 90 
90 62 73 18 01 89 37 78 38 20 97 63 79 70 47 67 87 50 28 19 60 45 46 41 63 30 97 20 98 75 16 87 08 29 59 69 28 13 67 92 98 36 68 63 95 26 17 83 93 59 57 04 61 09 26 25 34 96 23 54 87 80 58 52 90 41 97 32 58 89 93 35 21 74 19 05 10 96 46 05 89 02 47 80 38 95 38 04 10 51 78 06 17 97 79 51 27 21 29 52 29 59 76 80 46 15 78 03 39 75 16 93 27 68 51 20 59 36 34 92 46 92 31 95 81 49 09 67 13 29 49 28 43 90 13 64 57 69 69 63 80 82 35 47 95 12 04 35 32 38 89 19 81 10 
32 36 04 45 30 86 56 79 80 16 40 93 61 17 04 83 71 32 71 06 65 26 26 43 37 27 17 31 06 15 34 54 76 31 17 06 53 79 73 49 67 02 59 12 95 64 29 53 15 60 16 68 19 38 81 59 45 60 13 89 70 84 15 92 25 12 48 29 08 28 49 23 83 60 94 70 23 78 29 68 37 95 71 03 24 07 02 52 54 90 85 12 85 58 42 39 71 63 81 67 78 82 30 39 59 56 15 31 10 07 90 58 98 20 61 24 47 31 23 81 40 83 59 71 74 20 27 73 78 59 52 13 64 02 17 60 14 59 90 29 82 78 32 20 42 02 90 59 81 83 40 68 94 35 62 
83 67 40 74 63 14 68 30 62 76 32 82 51 28 78 98 67 29 42 87 81 47 94 59 93 63 32 12 06 70 98 37 82 29 45 17 91 19 03 61 30 16 82 69 13 95 29 76 32 50 12 49 39 49 51 68 63 21 12 71 91 59 30 86 69 95 28 78 56 14 90 92 79 87 83 87 56 61 68 19 39 03 07 53 25 95 39 81 34 82 68 63 10 43 13 27 20 37 94 31 61 17 07 14 84 01 38 57 10 89 85 29 95 81 75 19 28 32 59 15 58 69 96 04 58 25 50 58 40 74 10 56 37 40 27 57 01 01 75 36 63 74 16 89 30 21 93 60 31 46 72 58 06 20 64 67 
13 93 12 40 83 85 45 49 07 07 30 83 74 95 69 79 08 32 01 18 82 07 51 70 79 69 37 84 06 04 64 98 09 72 05 36 85 89 81 08 17 76 01 95 57 28 42 76 46 86 20 75 74 16 90 56 74 07 43 34 79 04 49 05 23 40 69 57 85 50 82 63 19 01 93 54 85 32 75 26 56 17 06 14 19 71 26 43 69 93 26 54 56 37 10 39 65 49 71 42 63 61 59 70 57 24 89 02 90 87 27 76 03 73 39 86 42 85 03 48 15 27 95 26 57 38 74 85 37 34 30 73 35 54 87 03 47 51 83 92 56 58 51 67 75 49 18 91 30 07 93 29 35 56 40 34 72 
85 21 60 85 26 87 09 41 80 38 27 23 29 65 59 08 72 92 53 58 21 49 07 13 82 15 31 09 64 04 10 93 96 45 78 59 62 67 10 17 16 84 71 34 31 41 34 81 13 20 56 39 20 92 16 91 61 21 85 43 91 97 61 05 27 59 67 27 30 03 43 67 73 49 02 06 82 29 69 15 48 91 79 98 53 39 79 85 79 56 40 01 90 50 67 10 03 73 45 74 57 65 52 76 03 72 19 93 93 42 85 03 95 58 80 76 46 10 08 02 89 79 08 50 93 26 23 26 78 61 14 04 59 07 39 71 83 64 07 73 81 54 85 64 01 15 93 50 19 85 49 61 31 52 42 71 41 79 
87 45 58 24 97 89 80 02 26 02 36 21 25 73 30 90 79 43 01 50 23 63 36 45 61 59 06 71 60 35 29 82 81 49 89 73 47 01 84 69 43 36 36 06 86 81 32 31 37 82 92 19 56 42 45 74 18 39 30 63 21 82 64 81 34 68 83 13 39 52 02 21 06 50 28 16 10 78 62 75 09 68 49 65 84 50 78 37 06 32 46 12 24 20 02 79 10 64 69 75 72 53 17 04 37 45 05 59 46 45 24 96 64 03 47 56 79 17 06 48 96 89 51 97 35 47 16 47 39 58 25 35 27 30 05 48 83 61 21 64 15 01 92 53 96 20 86 64 58 60 61 09 86 95 29 05 34 43 39 
10 34 83 19 57 94 38 46 15 71 21 10 12 83 42 59 26 57 96 39 45 05 68 65 19 36 15 03 34 60 58 80 25 49 06 43 42 07 13 78 21 61 43 16 34 16 61 50 79 41 39 52 58 86 19 31 04 84 01 38 25 83 30 92 28 24 12 54 14 79 45 15 63 83 25 30 85 04 50 28 15 98 13 85 49 89 79 54 02 27 42 36 15 17 06 25 97 34 67 72 31 86 73 01 76 21 03 81 69 08 15 80 89 60 13 81 50 79 47 58 96 01 36 25 37 40 46 65 96 45 20 79 50 28 62 03 40 79 28 34 32 45 78 78 42 68 93 46 92 68 83 16 41 02 85 30 85 87 47 60 
45 42 62 29 87 57 59 86 47 41 62 37 06 23 42 48 38 41 01 92 97 14 27 84 80 49 84 23 62 38 10 38 47 25 84 36 96 60 97 86 21 80 86 19 23 47 61 91 65 70 54 48 36 07 43 54 95 74 57 90 01 10 29 72 20 46 12 94 14 65 59 31 47 96 92 95 39 09 36 84 45 29 50 72 07 96 73 07 37 16 28 41 19 60 21 96 74 30 43 20 45 90 05 63 02 24 41 63 37 18 31 37 85 36 71 12 81 04 06 54 51 04 84 60 14 85 51 19 50 95 90 23 52 38 18 20 86 68 46 76 27 07 84 28 14 95 61 83 06 19 13 50 79 78 32 37 47 87 65 02 64 
29 79 56 20 89 80 07 78 72 62 30 94 84 26 07 78 30 25 34 16 84 92 97 02 05 79 70 40 70 90 10 39 35 85 97 63 75 05 37 10 46 72 85 67 65 46 47 36 42 65 96 68 90 56 06 14 02 15 65 95 46 19 06 61 28 38 10 48 57 96 76 45 52 41 51 67 94 37 94 64 86 54 92 51 98 87 19 76 56 91 14 68 52 76 98 07 07 67 45 12 64 61 42 04 84 98 37 14 81 68 31 05 46 51 57 07 61 98 13 01 20 58 08 13 84 57 12 74 67 23 08 15 61 97 39 46 18 04 47 09 20 21 86 19 40 37 59 92 60 68 49 48 81 54 43 36 06 15 20 26 58 29 
42 79 83 02 82 94 67 72 26 18 93 25 96 18 25 56 79 40 42 31 51 76 23 82 94 90 96 45 63 53 26 13 42 69 84 03 47 52 93 37 04 29 67 51 49 78 07 17 10 92 60 74 50 03 85 32 79 56 86 50 03 90 15 73 15 72 28 92 52 27 70 79 75 32 93 15 69 43 91 96 72 96 70 04 92 83 83 41 13 65 91 79 21 19 82 81 65 48 46 13 05 51 36 89 03 52 95 78 68 41 27 36 10 95 94 18 39 10 21 19 48 39 76 21 52 70 42 84 38 87 72 35 45 53 48 52 12 48 57 10 13 98 69 43 59 25 85 74 27 90 69 51 63 91 05 43 79 63 34 64 58 94 87 
93 01 90 42 03 90 05 06 56 56 27 52 16 64 24 64 84 41 50 87 69 67 19 13 68 16 04 04 82 91 08 50 62 93 91 34 86 54 32 94 26 27 15 37 81 36 18 54 71 19 32 62 08 14 69 71 34 78 87 98 20 06 53 89 16 17 81 13 32 27 78 47 63 02 67 89 90 64 10 47 39 06 85 09 12 32 93 86 30 53 06 73 03 98 83 53 60 26 74 49 15 29 45 61 41 40 92 06 71 86 81 13 09 45 36 01 27 70 85 93 24 78 47 85 58 98 23 59 85 53 61 78 83 51 24 91 90 83 96 52 45 48 18 02 76 97 53 93 86 48 16 81 69 49 56 62 21 82 12 04 26 02 84 27 
41 80 01 45 02 76 96 94 78 10 12 43 12 46 64 89 62 25 57 17 76 74 54 43 86 09 54 75 26 67 58 32 50 16 19 89 50 70 23 07 79 17 04 71 37 72 52 04 67 13 16 23 90 01 97 58 65 78 76 78 49 89 46 92 58 87 60 52 12 39 97 54 97 02 41 68 87 94 81 79 57 39 37 16 02 01 26 12 18 05 59 14 81 80 84 63 32 52 37 23 84 20 30 97 25 51 80 59 24 29 79 46 26 86 80 46 78 04 97 57 49 85 62 30 58 97 57 50 43 53 63 60 12 18 50 28 70 93 75 93 72 28 59 37 56 39 08 16 03 10 02 57 64 69 74 26 37 94 17 50 90 27 28 53 49 
86 34 38 49 58 98 25 27 03 76 37 10 18 65 67 87 31 97 80 31 54 06 27 02 87 56 53 96 12 80 72 17 36 25 61 16 28 20 97 73 50 45 61 79 35 90 97 25 21 54 17 35 83 52 82 47 42 83 20 35 32 70 71 89 92 92 21 37 54 50 21 53 71 61 21 34 67 43 83 85 46 06 42 12 09 56 25 10 86 98 49 47 74 19 86 85 42 85 21 25 02 82 23 23 78 13 61 92 20 91 01 42 70 84 47 67 19 21 47 60 65 96 68 41 76 69 74 13 68 03 37 08 97 96 47 04 56 30 42 40 91 89 45 73 37 21 93 39 64 68 34 49 24 59 24 34 67 71 94 06 26 69 92 75 08 49 
89 48 90 73 25 65 09 74 57 60 53 10 41 45 93 62 78 02 02 71 64 80 01 40 60 91 80 86 61 23 60 27 07 31 10 16 09 17 91 23 53 67 52 56 69 54 53 13 08 24 48 01 31 52 85 26 01 25 58 17 71 70 24 71 36 29 46 70 25 74 28 21 20 39 85 98 36 38 05 25 09 69 27 01 27 64 10 48 37 63 43 12 07 01 01 61 07 29 42 97 53 73 03 26 95 78 17 68 65 26 37 46 35 02 19 61 20 13 87 61 60 43 19 37 61 64 07 83 94 95 29 40 26 73 40 53 21 64 82 49 26 89 86 45 84 83 09 23 84 39 06 96 82 52 07 71 13 76 41 96 49 74 79 52 91 06 03 
85 86 61 64 29 63 20 91 34 10 36 39 70 07 71 18 68 07 25 25 69 36 59 02 38 43 73 98 67 91 65 43 35 79 71 78 49 49 21 14 41 39 48 81 41 93 43 39 96 50 04 74 20 92 96 31 05 13 13 62 64 32 02 76 10 20 60 48 51 32 94 83 68 12 21 65 61 21 09 73 69 40 70 23 97 52 93 86 09 76 58 60 79 89 46 08 86 47 13 09 07 19 65 83 43 37 63 09 31 16 95 40 04 63 21 68 08 04 24 65 60 24 62 62 35 10 83 69 60 98 01 93 78 41 30 83 89 82 07 13 72 06 73 83 18 46 84 51 68 13 97 01 34 78 03 47 73 14 17 62 09 52 54 58 87 08 95 71 
85 91 84 60 01 78 65 37 09 13 61 42 10 52 94 47 87 31 81 06 69 95 62 20 43 32 34 40 72 53 96 16 82 49 65 92 59 62 62 79 30 97 29 84 51 56 01 81 45 02 20 73 16 72 61 29 04 37 81 92 37 90 97 83 93 90 41 14 62 27 67 47 90 97 57 35 31 31 17 53 09 19 12 84 71 26 67 67 64 06 80 65 64 94 56 13 38 10 83 98 57 46 13 42 18 02 20 19 56 76 63 95 08 50 34 36 42 51 02 15 16 13 42 62 14 87 47 57 13 95 90 43 80 57 78 21 42 82 59 56 27 57 45 10 31 69 72 46 52 28 35 48 76 79 56 65 34 43 09 41 52 93 81 68 10 45 96 83 59 
60 26 21 08 27 23 72 71 50 01 87 16 07 80 81 06 82 52 75 58 69 46 12 03 24 21 64 02 54 46 50 45 97 67 78 08 35 15 68 02 23 71 50 45 08 67 59 30 30 67 41 32 05 68 90 39 54 67 02 67 18 18 10 01 73 39 69 53 50 52 27 38 07 34 64 36 49 35 97 94 86 54 54 17 18 76 21 23 70 04 53 26 89 94 42 46 37 43 61 82 27 38 53 08 41 42 38 54 32 91 73 57 10 83 23 47 85 48 97 29 57 32 02 32 61 27 79 74 95 62 53 41 29 15 06 98 16 95 67 91 65 37 38 12 78 96 95 15 14 82 73 12 17 61 13 70 34 47 19 68 17 28 40 68 67 97 89 70 27 41 
51 53 72 74 95 27 86 31 39 09 87 83 65 65 89 30 42 05 51 29 06 57 73 93 43 27 74 30 85 31 75 21 98 86 70 48 19 29 84 03 78 83 15 29 20 47 65 59 97 85 52 84 59 50 26 04 10 36 53 21 76 16 05 92 63 47 65 62 72 73 69 10 63 03 90 35 17 95 73 98 51 06 76 97 26 03 30 91 30 90 04 07 29 94 47 90 69 57 67 32 35 35 72 96 73 17 05 19 63 36 95 49 95 68 40 07 87 71 89 60 85 04 07 38 64 05 52 13 94 39 04 32 01 17 08 47 08 14 81 31 23 18 01 38 30 84 83 96 90 92 09 82 16 29 74 54 70 30 02 68 41 30 75 52 08 96 41 82 42 24 67 
53 05 26 19 21 94 52 21 84 41 80 82 90 60 64 15 30 37 83 20 19 48 98 65 52 34 50 45 23 90 45 08 80 43 47 59 39 03 28 62 53 24 26 69 91 69 04 32 54 43 39 72 14 30 36 89 09 73 02 64 39 63 03 52 37 42 74 89 89 19 26 72 12 72 32 41 90 59 09 63 96 79 58 90 81 71 38 87 97 87 47 67 07 16 28 09 13 48 60 37 26 63 13 95 03 34 60 18 90 34 21 31 84 37 81 62 49 52 52 82 58 36 40 67 83 56 58 81 53 16 69 94 40 47 06 47 53 96 18 63 53 48 06 04 49 45 63 01 54 74 26 60 67 28 32 03 70 19 15 20 68 89 58 04 73 48 01 02 67 38 15 21 
38 62 79 56 95 09 31 42 26 07 40 70 92 36 47 08 43 79 42 07 87 13 32 21 39 02 42 34 05 94 90 67 97 26 43 35 07 93 12 97 45 87 87 95 21 74 05 61 02 26 75 57 31 04 76 47 57 92 80 51 19 40 69 61 91 90 13 61 16 78 84 09 40 40 61 23 89 09 87 37 54 60 52 50 39 76 78 97 41 45 97 47 71 87 06 73 93 61 18 36 63 93 78 67 74 93 59 35 13 84 69 76 50 08 54 02 27 36 74 48 50 65 73 71 02 57 47 49 59 28 07 32 02 76 14 16 41 14 85 06 58 75 67 54 12 37 42 98 76 95 54 87 07 52 26 15 20 02 89 21 68 09 38 57 07 03 80 60 52 96 37 18 61 
56 83 53 79 15 61 73 14 49 62 58 10 86 64 39 41 79 76 89 15 75 29 53 17 12 34 46 26 49 32 97 93 59 71 15 73 15 14 23 07 02 95 09 34 14 47 64 23 51 96 49 02 56 92 16 79 78 95 14 26 50 85 21 06 17 75 29 83 76 96 02 39 20 92 85 29 23 27 80 29 30 97 34 69 68 60 86 78 71 16 20 90 59 69 21 71 36 06 01 35 17 95 38 13 10 83 10 13 43 48 12 25 13 71 20 34 14 18 71 46 04 41 42 80 82 46 13 35 42 56 13 68 45 03 01 14 38 23 71 05 73 42 47 42 18 52 45 86 39 17 48 45 28 08 76 68 90 43 73 81 23 54 56 56 51 51 07 09 42 73 46 60 10 56 
28 40 02 93 52 18 32 37 56 78 48 35 08 36 16 79 30 05 19 15 84 82 29 21 48 10 23 53 60 05 43 53 51 60 69 17 56 46 39 73 51 51 69 75 34 94 56 73 03 21 39 85 94 67 64 78 24 97 47 46 37 47 56 61 70 75 09 60 25 32 46 53 56 93 29 13 31 17 84 96 38 07 24 14 97 30 58 82 45 79 87 19 94 41 61 47 03 80 73 78 40 72 82 74 19 39 62 80 75 61 04 15 12 96 04 16 50 64 37 09 39 05 82 16 59 29 67 90 04 37 95 15 35 96 74 64 30 87 17 75 61 81 75 13 25 63 50 04 56 41 72 18 82 25 91 56 26 26 14 12 72 20 74 78 35 36 95 61 84 81 38 51 08 92 15 
47 72 45 61 91 01 38 19 61 84 64 72 21 97 76 20 43 54 56 29 70 96 90 21 96 31 21 24 37 86 64 15 85 25 16 03 19 94 83 25 28 85 36 16 92 65 26 64 05 15 63 16 31 67 63 96 26 39 41 93 74 49 06 48 91 15 85 83 73 31 63 60 87 29 49 25 71 24 14 31 30 70 94 53 96 42 40 49 35 83 82 89 35 79 12 93 09 59 37 18 45 15 17 73 35 85 19 65 71 41 61 36 34 79 94 52 05 76 18 94 37 43 73 35 53 76 24 81 76 63 53 62 40 42 04 54 81 20 53 26 36 40 25 69 95 58 92 42 48 85 26 05 27 21 20 47 53 60 03 74 15 06 15 59 90 61 16 67 36 29 32 73 53 86 85 54 
09 98 19 04 27 18 91 06 04 65 79 28 45 94 39 60 27 64 56 96 92 57 86 21 21 19 21 74 91 36 62 02 42 40 09 96 54 60 70 53 27 74 53 25 75 94 74 07 37 92 14 51 62 68 39 02 49 96 40 27 45 94 78 73 70 85 71 15 80 62 65 95 35 15 68 71 46 95 86 56 21 59 70 09 52 98 71 85 61 52 10 26 54 10 51 93 39 87 12 04 83 58 48 59 26 05 64 65 64 23 54 51 86 78 81 81 59 16 94 23 91 10 53 23 23 21 62 95 15 80 98 73 76 61 69 20 90 23 64 23 83 71 37 97 37 70 04 38 94 83 64 57 89 60 78 15 96 76 10 08 48 95 83 78 34 57 61 76 85 53 70 81 47 50 25 98 41 
61 08 32 90 98 70 40 70 51 97 54 49 53 63 50 40 39 67 76 13 34 48 95 84 31 10 23 29 96 02 16 15 25 05 29 16 40 98 98 09 16 48 80 34 84 75 47 47 43 62 03 98 28 89 86 57 21 89 24 52 25 16 97 10 56 17 31 69 50 96 26 83 36 75 72 53 05 80 01 92 80 23 10 82 32 48 90 98 96 27 68 15 13 05 76 75 51 54 36 47 54 12 87 12 09 27 91 25 01 92 70 67 72 17 64 29 08 70 79 52 69 43 97 07 62 71 16 86 38 53 84 16 35 91 57 40 59 71 65 67 52 80 43 60 87 81 96 14 48 15 70 03 83 64 02 46 09 07 06 48 01 37 58 14 90 78 83 21 71 58 10 41 70 58 32 56 51 79 
60 48 12 04 41 05 05 61 75 97 56 50 12 01 10 82 53 53 50 60 45 29 87 85 20 01 36 61 92 10 32 48 42 08 84 75 39 90 78 01 15 21 76 46 45 56 95 64 38 40 06 68 93 31 01 72 70 64 68 04 61 80 41 71 45 43 34 43 74 50 85 02 50 32 59 60 15 18 34 68 69 56 32 15 64 09 21 59 40 50 68 60 90 80 42 90 68 76 35 70 60 98 12 38 59 06 39 30 39 28 94 93 91 05 15 06 23 36 93 95 70 37 95 64 10 34 68 12 43 13 43 10 27 53 25 76 35 35 80 94 74 63 07 36 65 84 29 07 47 30 94 16 78 45 02 58 82 08 61 91 15 16 65 28 19 43 56 45 68 40 82 60 84 51 83 62 68 23 83 
86 58 39 91 39 05 83 31 81 73 37 58 79 02 26 06 28 67 01 07 87 97 08 46 90 50 94 91 30 95 14 73 58 52 93 89 43 59 50 50 08 76 07 04 07 60 60 84 18 05 74 87 28 90 95 08 57 96 06 64 48 10 78 53 53 71 79 19 89 56 25 90 84 86 87 09 57 32 52 02 25 13 02 34 78 76 21 86 31 13 46 51 70 71 26 92 63 17 58 91 73 10 73 79 30 32 01 82 03 41 62 95 12 03 28 90 81 04 29 85 93 28 51 60 13 18 41 45 04 05 60 23 49 23 51 23 05 97 59 41 03 64 25 28 08 02 47 25 53 58 09 71 04 59 03 32 07 68 71 24 35 92 23 50 51 98 18 18 56 70 86 51 42 18 58 49 24 17 24 96 
32 03 46 47 41 94 70 81 13 92 90 79 37 48 29 94 85 48 61 61 64 40 21 43 29 43 87 97 13 60 76 38 42 65 05 71 94 15 34 76 18 69 82 67 42 18 65 48 84 08 03 94 29 94 43 30 13 51 27 58 74 83 62 71 89 67 19 37 90 82 70 57 62 94 95 48 94 48 25 42 76 06 51 31 72 34 58 58 16 93 93 90 63 86 98 24 29 60 46 52 98 76 61 59 41 37 05 89 59 41 24 83 16 87 95 20 86 02 82 02 90 34 29 87 94 60 12 94 05 79 59 51 97 60 26 29 52 48 67 48 01 12 47 35 49 43 25 04 28 60 08 06 83 23 32 72 30 09 92 57 41 80 10 74 82 83 43 12 36 76 38 84 69 75 64 03 68 45 76 23 05 
29 35 30 65 31 51 94 29 95 80 80 86 25 26 56 38 49 35 19 98 84 93 78 46 07 47 27 53 72 37 75 34 19 69 49 06 98 76 95 67 24 13 24 78 68 87 25 48 81 34 31 54 73 18 72 28 18 79 35 70 70 89 04 54 56 73 07 93 95 08 92 08 31 35 52 96 34 58 48 80 74 90 48 28 98 90 01 87 46 37 53 01 59 76 87 50 64 23 53 29 63 75 56 36 08 02 51 43 30 82 86 27 45 67 38 19 71 14 49 14 40 29 68 24 68 96 01 52 72 62 70 72 82 56 36 85 41 02 70 78 45 36 60 14 09 67 73 39 62 17 65 29 90 96 80 27 79 92 83 64 31 95 78 32 60 40 90 17 62 13 86 42 30 70 38 61 15 25 54 05 02 91 
62 37 36 67 39 47 12 27 16 58 04 29 20 19 30 03 12 80 41 47 18 90 08 81 49 95 61 86 03 30 71 13 12 51 91 74 71 15 60 34 35 45 85 86 67 62 57 78 93 61 28 58 36 05 20 04 91 94 80 38 12 40 28 47 48 25 26 36 29 68 90 21 20 36 15 85 45 60 28 60 94 67 91 36 15 68 30 10 91 75 58 53 05 64 08 36 25 73 81 63 48 60 28 03 60 61 78 65 06 78 35 34 87 17 08 84 60 84 97 75 05 29 06 83 14 73 20 45 30 98 09 87 40 50 02 05 53 54 43 83 07 83 37 76 29 09 30 47 85 46 45 69 81 27 62 74 46 74 29 25 87 94 30 62 43 82 35 40 28 27 43 51 69 63 73 80 79 23 09 12 16 29 79 
08 93 12 05 17 59 28 87 27 12 53 15 64 23 45 38 05 65 83 89 90 64 38 53 71 16 25 21 76 65 32 17 97 25 04 07 38 20 23 75 12 13 64 05 59 31 43 58 80 65 15 80 85 75 72 72 45 34 70 17 78 95 81 31 80 84 72 42 43 69 59 35 61 53 06 85 62 84 47 90 02 40 52 25 05 12 67 63 31 81 83 89 28 21 02 56 64 86 52 52 16 38 51 60 65 28 54 45 69 74 87 07 42 84 17 74 18 93 68 96 01 67 56 96 72 31 93 41 53 04 34 39 82 91 35 37 05 34 45 18 13 82 21 95 38 71 79 47 37 78 16 26 79 73 38 58 36 56 69 08 65 54 05 67 15 75 60 71 75 92 49 49 13 89 47 79 79 38 73 40 83 25 39 13 
12 24 76 92 01 76 53 73 69 19 23 91 41 97 65 41 74 24 46 53 74 47 01 54 97 61 72 29 34 92 60 10 21 89 07 28 15 93 58 35 20 06 75 79 85 98 84 86 97 23 81 86 94 19 92 72 41 94 01 61 81 82 84 65 21 16 26 53 17 17 09 25 35 16 60 84 19 91 13 83 21 79 17 18 34 19 87 72 02 85 50 31 39 19 51 71 31 52 18 08 75 96 61 74 03 26 47 37 90 01 15 82 21 87 65 01 29 87 70 25 70 30 32 45 03 28 92 08 89 53 69 86 13 47 32 12 98 43 08 57 62 12 19 08 93 28 79 89 91 75 51 76 30 94 62 15 13 98 51 58 72 74 16 32 37 46 06 01 17 73 94 71 26 02 19 10 61 81 95 81 78 51 62 14 51 
10 45 40 54 39 40 73 93 36 60 51 31 15 58 71 09 72 76 41 58 45 65 09 17 61 64 46 43 93 81 86 02 87 97 50 90 12 12 68 86 81 69 70 50 04 79 89 48 02 92 48 71 76 32 68 76 65 84 25 20 80 47 39 41 38 89 73 06 76 09 40 48 25 40 87 63 91 43 70 80 73 32 78 28 87 20 17 20 47 45 68 41 26 85 08 28 61 08 23 52 63 10 84 29 52 86 56 91 25 21 39 62 45 17 83 08 76 20 20 63 38 50 35 34 93 90 50 35 91 93 54 68 92 26 26 68 78 41 54 37 16 46 21 02 75 71 56 93 24 63 46 87 71 30 47 02 98 49 52 15 50 04 14 47 90 45 54 26 46 46 12 90 01 14 42 87 10 71 49 20 53 90 68 34 42 42 
56 16 27 48 15 35 84 61 24 69 98 67 12 63 20 76 15 58 09 80 57 03 86 50 69 29 73 20 53 83 87 14 71 94 50 16 68 83 96 84 08 36 79 67 21 64 83 69 97 61 51 89 97 16 30 24 72 40 53 94 67 10 60 69 45 82 37 06 31 79 07 14 68 70 59 14 09 97 01 56 41 25 78 29 98 64 12 49 39 04 97 25 85 91 68 02 59 84 49 68 14 30 19 74 53 54 75 25 68 79 78 67 74 31 45 04 02 54 19 97 96 26 69 57 90 29 50 75 85 42 50 09 45 63 36 53 37 17 51 09 34 34 13 67 95 60 64 89 60 35 65 83 12 15 32 73 02 07 35 17 08 95 46 26 90 69 10 97 45 03 87 92 53 96 96 87 56 48 58 46 20 36 95 15 38 12 01 
93 30 23 03 91 89 06 50 91 95 73 18 09 92 74 45 70 13 40 98 12 32 52 09 56 41 53 89 12 89 03 10 65 46 86 53 43 36 74 98 89 41 20 10 14 19 18 53 32 18 18 89 29 85 91 01 26 28 42 07 25 48 52 39 56 64 80 45 92 91 52 62 54 28 67 37 34 20 91 92 35 73 27 52 87 86 67 48 16 91 67 95 70 67 50 74 10 64 96 01 24 80 14 46 05 67 29 39 45 87 91 10 32 61 93 96 32 05 04 14 01 51 21 05 21 83 78 30 74 47 79 02 05 54 40 31 07 26 75 21 34 54 37 68 78 72 28 94 21 76 35 53 68 35 47 06 74 06 91 56 72 91 61 37 47 97 58 64 56 04 82 82 65 64 84 26 81 49 18 72 89 39 13 50 79 39 71 96 
82 69 89 04 08 54 86 07 62 03 91 94 12 79 20 26 97 31 60 97 93 15 61 16 93 16 03 56 15 51 18 73 20 19 69 87 54 18 83 74 48 59 38 31 13 30 65 79 52 06 65 13 19 96 90 09 91 95 82 46 07 06 71 72 81 34 42 80 40 74 47 68 18 86 72 02 58 98 03 50 18 57 62 90 97 80 08 31 51 63 90 94 38 13 20 15 14 27 85 75 92 45 04 94 07 80 23 25 18 96 36 02 62 01 05 25 26 31 87 21 67 47 05 42 25 59 59 49 21 68 47 07 65 65 86 59 89 54 82 52 32 09 89 52 64 23 03 59 37 83 14 32 64 59 59 35 39 19 19 54 75 49 05 71 48 87 65 71 60 78 92 76 29 09 86 46 13 15 63 38 06 43 26 74 13 23 12 08 53 
87 15 26 85 95 95 52 81 73 64 07 09 45 69 51 97 18 67 58 74 96 83 54 04 92 46 70 90 63 62 68 57 54 18 84 74 87 08 65 46 76 52 39 40 90 27 09 79 10 16 56 58 59 60 29 10 28 63 93 27 73 42 83 79 19 14 80 56 12 18 14 52 57 72 63 09 42 38 17 46 23 94 48 97 46 85 79 01 64 14 16 85 48 61 30 52 04 65 24 34 86 09 29 48 65 72 17 15 74 39 78 48 42 69 45 81 19 60 41 14 43 65 45 57 92 80 30 14 97 14 75 61 62 98 10 13 41 81 81 14 28 51 62 40 52 93 14 70 17 56 53 54 97 01 32 60 82 13 48 20 72 87 59 83 69 89 94 81 14 70 52 27 63 29 02 74 13 94 08 34 21 05 25 47 49 53 48 23 19 82 
52 72 02 68 29 94 87 59 01 86 71 84 51 28 14 47 23 94 29 27 65 68 02 46 63 10 52 67 65 92 37 05 36 06 06 62 02 89 35 10 40 90 70 51 62 30 65 27 31 32 89 68 51 39 59 52 37 87 97 75 27 57 67 43 30 98 15 12 21 48 41 13 46 95 69 56 84 25 60 69 26 61 18 40 45 73 35 06 24 95 38 98 60 60 91 17 76 79 18 21 18 59 86 20 49 97 38 32 52 01 15 75 69 45 86 65 24 91 04 25 73 31 58 89 94 01 41 52 26 32 79 71 95 59 74 67 38 52 76 76 28 26 25 38 67 92 41 40 54 91 56 20 48 12 94 50 71 82 09 19 52 42 69 86 31 93 21 69 84 20 81 35 61 21 24 08 87 43 35 03 34 59 20 52 80 81 28 63 90 68 65 
86 86 85 08 40 06 23 18 02 10 24 68 92 26 53 39 12 80 32 52 01 79 13 42 20 07 40 95 26 70 28 41 34 61 73 13 27 68 18 68 27 30 94 54 71 91 31 54 82 19 56 57 25 43 31 07 32 24 50 49 04 21 15 10 62 38 06 64 82 04 89 47 04 40 12 32 15 69 62 37 36 53 70 26 48 84 69 92 72 86 15 57 75 48 08 81 83 48 93 82 73 46 65 75 18 62 26 14 20 73 20 01 63 15 56 27 52 81 76 92 28 17 13 47 50 41 34 35 64 21 93 82 02 51 30 51 64 71 86 16 08 80 65 34 41 97 23 50 34 15 25 80 27 80 50 85 81 41 94 59 45 89 84 21 69 63 04 20 02 05 82 39 42 71 67 43 76 24 89 73 20 73 95 26 10 24 30 18 30 97 62 40 
36 92 74 95 97 65 83 26 13 31 20 40 96 80 09 96 52 30 16 43 43 81 72 73 65 42 13 83 03 49 87 85 32 40 70 93 78 42 18 26 87 21 67 82 62 23 78 83 93 07 31 42 80 47 19 81 50 50 64 39 04 86 71 52 64 41 72 98 57 27 52 07 75 03 61 15 94 02 73 86 01 84 35 25 14 81 52 30 67 67 73 38 12 04 53 38 14 52 60 89 97 76 02 80 02 86 60 40 19 92 24 74 93 89 97 08 75 26 82 63 76 38 80 90 42 06 35 71 40 21 25 07 57 69 87 06 36 76 30 03 35 02 87 19 83 90 16 93 61 75 50 75 93 53 53 10 19 01 67 76 37 08 28 96 72 60 50 79 92 01 20 35 24 64 80 62 37 19 89 46 93 14 31 72 26 49 47 86 25 69 19 05 67 
57 60 85 68 94 61 50 05 75 31 09 40 62 74 41 78 36 62 93 84 30 81 05 61 07 68 10 62 69 68 58 92 12 03 84 05 09 10 21 48 84 96 01 01 45 09 70 73 61 30 60 49 87 50 48 57 68 48 46 89 13 41 41 93 57 03 98 60 73 17 56 78 59 06 69 78 19 60 92 20 93 68 86 31 90 37 13 97 26 72 15 20 26 67 35 16 61 17 14 51 70 74 80 20 39 61 28 96 62 17 19 61 05 84 02 36 60 31 20 83 98 62 02 53 41 13 93 41 19 47 83 39 16 08 74 36 35 83 07 40 13 40 20 15 02 09 19 92 71 87 03 47 87 98 07 70 84 38 57 39 96 68 28 73 01 38 84 93 93 84 21 75 47 31 72 97 56 65 37 85 01 20 30 16 12 81 75 95 06 53 25 78 01 34 
28 02 12 86 61 09 23 43 31 52 02 27 46 02 24 24 08 58 85 56 86 93 98 24 02 74 85 45 57 79 56 54 35 42 92 65 78 38 65 47 64 36 84 03 28 47 48 31 92 52 81 32 60 82 49 81 96 74 75 76 98 96 72 76 81 28 60 13 27 70 67 98 32 95 83 94 34 61 98 78 32 89 20 51 39 74 02 31 43 86 64 83 89 85 70 87 59 71 93 29 24 46 61 04 29 52 13 15 73 23 35 93 50 40 07 29 60 98 57 69 53 20 09 61 28 54 82 01 01 43 93 75 59 04 93 85 89 12 12 20 26 78 31 72 18 67 02 27 92 74 70 82 07 81 83 54 50 76 15 02 36 89 25 79 91 37 51 82 37 73 80 54 15 91 47 37 34 91 78 16 91 14 65 50 39 13 52 20 19 45 93 34 40 29 70 
78 58 14 29 41 85 76 95 40 18 13 42 28 52 31 52 39 96 27 89 80 80 02 05 96 82 47 42 09 59 38 56 51 93 36 54 95 57 79 38 89 69 38 37 79 95 38 63 26 07 31 14 72 39 54 76 39 68 58 68 49 90 65 53 47 78 42 29 24 57 74 17 09 19 65 12 53 95 90 96 75 05 25 68 93 40 20 49 27 40 43 84 25 03 15 91 20 81 83 36 05 63 67 56 19 56 69 58 04 17 79 92 40 25 23 29 40 18 62 08 37 03 74 54 80 97 10 15 07 58 76 73 62 26 86 51 65 17 37 82 87 89 93 54 49 15 78 64 19 94 31 82 86 78 28 64 42 80 35 76 79 89 70 04 94 76 86 30 39 46 82 54 61 81 18 84 64 79 94 86 72 72 45 26 50 42 79 53 50 84 35 18 10 42 59 84 
42 54 72 82 23 49 94 14 28 27 36 56 16 97 02 24 91 79 48 18 81 56 18 05 45 30 78 64 87 04 41 18 14 78 27 37 49 27 94 09 72 35 26 58 16 94 58 46 50 64 41 69 68 52 51 87 52 43 70 92 97 08 28 21 01 59 35 67 62 02 51 57 96 35 57 51 79 21 49 45 87 83 61 81 76 68 91 82 96 91 14 64 79 82 39 72 35 98 76 83 19 37 80 91 59 25 57 45 90 70 73 02 60 09 76 93 19 70 47 09 90 04 56 01 82 74 96 65 09 08 59 48 59 13 46 21 42 37 62 20 68 78 47 08 96 29 52 37 07 19 56 91 38 21 15 05 02 75 78 06 25 04 46 86 37 14 82 40 36 81 79 21 12 47 78 13 28 39 80 71 37 71 89 74 81 24 52 89 60 23 02 49 23 10 54 84 80 
19 25 38 84 30 75 12 29 40 40 27 60 14 32 37 94 20 35 09 49 39 62 36 14 30 19 25 40 73 76 70 26 78 95 84 84 87 92 73 96 05 56 06 50 30 94 85 53 32 67 65 58 95 07 40 14 13 84 84 42 68 39 78 94 49 95 59 51 60 30 58 37 72 17 39 69 71 94 13 78 50 29 05 05 09 14 64 21 25 09 08 32 73 91 37 90 15 84 05 04 31 56 68 36 13 52 36 90 62 84 64 51 08 21 53 13 28 63 59 87 79 73 17 32 98 50 32 98 79 13 42 38 59 01 80 54 25 45 27 78 24 09 57 96 06 73 25 45 75 28 98 49 76 27 17 17 75 74 48 32 43 71 47 76 21 15 12 81 75 24 82 01 56 28 86 83 91 72 94 19 56 32 01 69 97 97 74 94 84 84 19 28 23 59 04 47 96 45 
08 69 25 47 08 69 65 84 18 78 62 09 70 54 19 02 42 38 54 45 84 41 26 62 20 20 36 48 52 54 54 80 13 93 64 28 51 84 94 16 02 29 62 30 27 46 09 51 12 92 31 80 13 23 74 26 90 36 18 43 29 08 38 79 57 19 48 84 51 53 43 71 15 91 56 45 85 52 68 28 84 76 15 13 02 73 68 73 16 18 25 28 75 14 90 15 80 53 96 59 84 70 59 40 18 14 06 52 09 28 36 54 06 78 63 59 42 01 06 38 38 86 38 91 96 57 53 27 65 24 92 19 59 69 25 94 08 07 89 72 16 85 05 20 36 61 52 67 03 60 62 43 06 41 60 96 03 18 37 70 85 69 72 95 40 23 37 15 26 46 83 04 38 37 50 41 10 51 93 19 28 94 31 96 80 54 65 87 81 37 40 40 92 34 81 52 45 50 72 
46 95 96 46 19 10 05 78 37 18 67 87 15 16 87 21 10 19 98 68 90 64 94 71 20 67 43 34 18 70 87 41 21 10 89 12 25 39 76 52 23 06 58 89 74 24 08 21 98 83 93 53 10 89 65 09 18 98 89 94 15 60 57 13 12 57 82 25 17 19 37 84 48 58 81 75 97 34 18 23 19 16 21 70 70 86 89 71 49 13 48 93 29 91 36 81 89 78 87 83 21 93 73 27 74 89 62 57 52 59 16 43 08 82 17 51 95 79 82 83 95 69 43 86 17 78 24 84 70 16 54 89 95 91 58 47 04 08 05 36 17 43 19 57 58 56 94 46 60 34 58 03 81 49 28 20 94 54 28 36 43 90 84 87 06 59 49 71 56 21 59 64 05 43 47 15 61 93 36 97 36 65 75 19 12 07 08 58 17 29 12 35 08 53 42 19 69 29 61 54
